cam0:
  cam_overlaps: [1]
  camera_model: pinhole
  distortion_coeffs: [0.19682216472945016, -0.5507618153388667, 0.002803505214927372,
    -0.0010412382250666891]
  distortion_model: radtan
  intrinsics: [715.736670003439, 714.7993176392864, 359.72649830135697, 275.78297270636057]
  resolution: [752, 480]
  rostopic: /cam0_image
cam1:
  T_cn_cnm1:
  - [0.9997641092024243, 0.021646246999148657, -0.0017793092853135538, -0.05017375566251644]
  - [-0.02165228852763335, 0.9997596112884, -0.003449353270016439, 0.0006541409490037814]
  - [0.0017042160065768243, 0.0034870657173479646, 0.9999924679818762, -0.00025013486883103766]
  - [0.0, 0.0, 0.0, 1.0]
  cam_overlaps: [0]
  camera_model: pinhole
  distortion_coeffs: [0.19732350175365146, -0.5096026206142387, 0.0006286454056958611,
    -0.0018801184211034202]
  distortion_model: radtan
  intrinsics: [709.9752744604654, 709.0835000584034, 335.6721255311333, 248.43597166176943]
  resolution: [752, 480]
  rostopic: /cam1_image
